0, Start, 0.028985322, 0.014533393, -0.04751364, 0.03106753, -0.014679933, 0.028945494
1, Turning & Milling Q.C., -0.05114467, -0.010779661, -0.03875053, 0.009829128, 0.016161922, -0.0080047855
2, Round Grinding, 0.0013192164, -0.003300889, -0.03592054, 0.014197254, 0.06315735, -0.042603202
3, Turning & Milling, 0.0034057177, -0.02867435, -0.03453133, -0.05346523, 0.042251237, 0.032567553
4, Lapping, 0.04494328, -0.03577644, 0.025341991, 0.048686508, 0.06690096, -0.0039156005
5, Turning, 0.030051572, 0.013881951, -0.04677789, 0.03078264, -0.015495869, 0.029165806
6, Milling, 0.033905815, 0.016021904, -0.051163103, 0.034829665, -0.016606763, 0.032314714
7, Laser Marking, 0.032492552, -0.013709462, -0.013623321, 0.020165203, 0.0726401, -0.030056965
8, Flat Grinding, 0.035197005, -0.024864696, 0.02232414, 0.03341848, 0.050566334, -0.008089207
9, Final Inspection Q.C., -0.049238145, -0.012891971, -0.030141948, 0.017038248, 0.011850182, -0.0035497814
10, Turn & Mill. & Screw Assem, 0.027477963, 0.012844902, -0.045331653, 0.030342005, -0.013968666, 0.027715042
11, Packing, 0.019463839, -0.07784661, -0.01864647, -0.0016304649, -0.041281596, -0.032087155
12, Grinding Rework, -0.021324135, -0.042063344, 0.0035067059, 0.053802297, 0.020238746, 0.026089307
13, Turning Q.C., -0.036879744, -0.016346961, 0.059252206, -0.039936252, 0.018652925, -0.037636854
14, Turning Rework, -0.026601216, -0.012487865, 0.04078843, -0.027472729, 0.013641393, -0.025614766
15, Rework Milling, -0.034087587, -0.016240511, 0.055596255, -0.037354115, 0.01801458, -0.03430562
16, Stress Relief, 0.053241502, 0.014270414, -0.0499561, 0.03896567, 0.0032711278, 0.022868445
17, Nitration Q.C., -0.031479944, -0.014604928, 0.04975203, -0.033219416, 0.01586927, -0.030542444
18, Fix, -0.030622153, -0.014993134, 0.048958316, -0.032272745, 0.015666429, -0.029787201
19, Change Version, 0.036817998, 0.017472284, -0.058941726, 0.038873225, -0.018128593, 0.036161672
20, Round  Q.C., -0.030151265, -0.015194746, 0.05162336, -0.033949, 0.014386542, -0.029871952
21, Final Inspection, 0.024557875, 0.01323031, -0.040244717, 0.024820976, -0.0133113535, 0.023941115
22, SETUP     Turning & Milling, -0.034424506, -0.016304655, 0.054927796, -0.03699781, 0.017282996, -0.034351192
23, Milling Q.C., 0.017204678, -0.056681506, 0.04797119, 0.05059034, 0.05691143, 0.0065040058
24, Setup, -0.026246836, -0.011783664, 0.04260277, -0.029692166, 0.012912653, -0.026465895
25, End, -0.043188907, -0.03376757, -0.023242032, -0.04765723, 0.031584296, -0.02769934
